Case #1: 
1000000000000001 3 2 5 2 7 2 3 2 7
1000000000000101 13 11 3 4751 173 3 53 109 3
1000000000000111 3 2 5 2 7 2 3 2 11
1000000000001001 73 5 3 19 19 3 5 19 3
1000000000001101 3 2 5 2 7 2 3 2 11
1000000000010001 5 1009 3 11 1 3 29 463 3
1000000000010011 3 2 5 2 7 2 3 2 7
1000000000010111 11 31 223 17 5 29 1 1 491
1000000000011001 3 2 5 2 7 2 3 2 11
1000000000011011 5 1567 15559 6197 5 5 1031 7 83
1000000000011111 3 2 3 2 7 2 3 2 3
1000000000100101 3 2 5 2 7 2 3 2 7
1000000000100111 53 739 71 11 5 11 1811 1 7013
1000000000101001 7 2 1 2 71 2 251 2 22409
1000000000101011 3 7 13 3 5 43 3 73 7
1000000000101101 11 31 7 1 5 499 1 31 1
1000000000101111 5 2 3 2 37 2 5 2 3
1000000000110001 3 2 5 2 7 2 3 2 11
1000000000110011 37 5 23 1 5 401 5 665747 1
1000000000110101 23 17 11 23 5 299699 43 239 59
1000000000110111 3 2 3 2 7 2 3 2 3
1000000000111001 5 1 139 137 5 5 53 11 653
1000000000111011 17 2 3 2 73 2 17 2 3
1000000000111101 3 2 3 2 7 2 3 2 3
1000000001000011 3 2 5 2 7 2 3 2 11
1000000001000101 7 2 11 2 1 2 6053 2 1
1000000001001001 3 2 5 2 7 2 3 2 7
1000000001001101 5 13 113 36947 5 5 1 113 17
1000000001001111 3 2 3 2 7 2 3 2 3
1000000001010001 107 2 7 2 233 2 1 2 67
1000000001010011 7 271 1 1 5 1 80111 7 43
1000000001010101 3 7 13 3 5 17 3 53 7
1000000001010111 5 2 3 2 37 2 5 2 3
1000000001011001 11 5 281 101 5 67 5 13 19
1000000001011011 3 2 3 2 7 2 3 2 3
1000000001011101 17 2 3 2 1297 2 11 2 3
1000000001011111 59 113 7 157 19 1399 7 43 107
1000000001100001 3 2 5 2 7 2 3 2 11
1000000001100011 23 19 11 105491 5 47 11117 1787 127
1000000001100111 3 2 3 2 7 2 3 2 3
1000000001101001 71 11 19937 53 5 5051 1 1 103
1000000001101011 5 2 3 2 37 2 5 2 3
1000000001101101 3 2 3 2 7 2 3 2 3
1000000001101111 7 1 97 1747 41 17 7 7 29
1000000001110001 131 1 193 1009 5 219851 8783 439 109
1000000001110011 3 2 3 2 7 2 3 2 3
1000000001110101 5 2 3 2 37 2 5 2 3
1000000001111001 3 2 3 2 7 2 3 2 3
1000000001111011 31 557 7 19 23 1129 7 5441 241
1000000001111101 7 19 43 17 55987 23 7 7 31
